%YAML:1.0
---
originimg0: !!opencv-matrix
   rows: 4
   cols: 4
   dt: d
   data: [ 9.9973627928188014e-01, -1.4869961281841117e-02,
       1.7500175401949994e-02, -8.3211591201164253e-03,
       -1.9882525581706625e-02, -1.7913213638144054e-01,
       9.8362409633554315e-01, 3.9850702805991289e-01,
       -1.1491608421594338e-02, -9.8371264196761121e-01,
       -1.7938054791138069e-01, 8.3446264765644040e-01, 0., 0., 0., 1. ]
img0origin: !!opencv-matrix
   rows: 4
   cols: 4
   dt: d
   data: [ 9.9973627928188014e-01, -1.9882525581706504e-02,
       -1.1491608421594248e-02, 2.5831608827263312e-02,
       -1.4869961281841227e-02, -1.7913213638144035e-01,
       -9.8371264196761110e-01, 8.9213313573485942e-01,
       1.7500175401950094e-02, 9.8362409633554304e-01,
       -1.7938054791138083e-01, -2.4214912666645133e-01, 0., 0., 0., 1. ]
originimg1: !!opencv-matrix
   rows: 4
   cols: 4
   dt: d
   data: [ -1.3622950422666761e-02, 1.6331454073990531e-01,
       -9.8647999270370146e-01, -3.5036848252133695e-01,
       9.9990146626006560e-01, 5.5670257690878166e-03,
       -1.2886659577154912e-02, -3.7334172964723650e-03,
       3.3871806495565180e-03, -9.8655834546518340e-01,
       -1.6337428806347487e-01, 8.3414632563449798e-01, 0., 0., 0., 1. ]
img1origin: !!opencv-matrix
   rows: 4
   cols: 4
   dt: d
   data: [ -1.3622950422666751e-02, 9.9990146626006526e-01,
       3.3871806495565106e-03, -3.8654073312375851e-03,
       1.6331454073990570e-01, 5.5670257690878288e-03,
       -9.8655834546518328e-01, 8.8017507073683843e-01,
       -9.8647999270370179e-01, -1.2886659577154923e-02,
       -1.6337428806347451e-01, -2.0940154726771540e-01, 0., 0., 0., 1. ]
originimg2: !!opencv-matrix
   rows: 4
   cols: 4
   dt: d
   data: [ -9.9797909323437473e-01, 2.1847291547387810e-02,
       5.9669299636738810e-02, 1.8884320002462464e-03,
       -5.6688634899392631e-02, 1.1812927293389784e-01,
       -9.9137877400585506e-01, -3.8842163702693139e-01,
       -2.8707632092160588e-02, -9.9275786107597863e-01,
       -1.1665205155293677e-01, 8.2684546444210461e-01, 0., 0., 0., 1. ]
img2origin: !!opencv-matrix
   rows: 4
   cols: 4
   dt: d
   data: [ -9.9797909323437450e-01, -5.6688634899392548e-02,
       -2.8707632092160651e-02, 3.6022986770720723e-03,
       2.1847291547387737e-02, 1.1812927293389773e-01,
       -9.9275786107597863e-01, 8.6670004316922677e-01,
       5.9669299636738844e-02, -9.9137877400585483e-01,
       -1.1665205155293686e-01, -2.8873242798356030e-01, 0., 0., 0., 1. ]
originimg3: !!opencv-matrix
   rows: 4
   cols: 4
   dt: d
   data: [ 7.5932328590866821e-03, -1.0318893538101113e-01,
       9.9463278974186309e-01, 3.5680120964120721e-01,
       -9.9996933061262583e-01, -2.6918735170509190e-03,
       7.3547026524034172e-03, -6.3519737365094111e-03,
       1.9185017291511899e-03, -9.9465813093338862e-01,
       -1.0320621066202135e-01, 8.4199115868636065e-01, 0., 0., 0., 1. ]
img3origin: !!opencv-matrix
   rows: 4
   cols: 4
   dt: d
   data: [ 7.5932328590866908e-03, -9.9996933061262572e-01,
       1.9185017291511884e-03, -1.0676415088445582e-02,
       -1.0318893538101108e-01, -2.6918735170509186e-03,
       -9.9465813093338828e-01, 8.7429419041706424e-01,
       9.9463278974186309e-01, 7.3547026524034094e-03,
       -1.0320621066202137e-01, -2.6794074875167334e-01, 0., 0., 0., 1. ]
