%YAML:1.0
---
originimg0: !!opencv-matrix
   rows: 4
   cols: 4
   dt: d
   data: [ 9.9306469562450783e-01, -2.3239393061879204e-02,
       1.1524947251210731e-01, 5.6168279174488064e-02,
       -1.1490182460441913e-01, 1.5781974834881297e-02,
       9.9325147871668740e-01, 3.8310380637515956e-01,
       -2.4901425798109021e-02, -9.9960535206671763e-01,
       1.3002273370245680e-02, 7.6401739999999996e-01, 0., 0., 0., 1. ]
img0origin: !!opencv-matrix
   rows: 4
   cols: 4
   dt: d
   data: [ 9.9306469562450805e-01, -1.1490182460441943e-01,
       -2.4901425798109274e-02, 7.2657138978030411e-03,
       -2.3239393061878982e-02, 1.5781974834881120e-02,
       -9.9960535206671786e-01, 7.5897506419808369e-01,
       1.1524947251210707e-01, 9.9325147871668784e-01,
       1.3002273370245844e-02, -3.9692574982531587e-01, 0., 0., 0., 1. ]
originimg1: !!opencv-matrix
   rows: 4
   cols: 4
   dt: d
   data: [ 1.2015812926903138e-01, -8.5973516554857122e-03,
       -9.9271753762844284e-01, -3.7432925280554008e-01,
       9.9239528198259197e-01, 2.7947977214164088e-02,
       1.1987708233156316e-01, 3.2273421446230147e-02,
       2.6713821689502735e-02, -9.9957240663903324e-01,
       1.1890147879356931e-02, 7.7058620000000022e-01, 0., 0., 0., 1. ]
img1origin: !!opencv-matrix
   rows: 4
   cols: 4
   dt: d
   data: [ 1.2015812926903138e-01, 9.9239528198259186e-01,
       2.6713821689502738e-02, -7.6345907720780735e-03,
       -8.5973516554859221e-03, 2.7947977214164105e-02,
       -9.9957240663903302e-01, 7.6613648538832058e-01,
       -9.9271753762844261e-01, 1.1987708233156312e-01,
       1.1890147879356716e-02, -3.8463444157903309e-01, 0., 0., 0., 1. ]
originimg2: !!opencv-matrix
   rows: 4
   cols: 4
   dt: d
   data: [ -9.9462916330347961e-01, -3.0575693849085803e-03,
       -1.0345761825828402e-01, -5.9130537796968162e-02,
       1.0326743784770136e-01, 3.8053722242097840e-02,
       -9.9392542502136083e-01, -3.9252683569346214e-01,
       6.9759434194573162e-03, -9.9927101703840993e-01,
       -3.7533594557819627e-02, 7.6933500000000032e-01, 0., 0., 0., 1. ]
img2origin: !!opencv-matrix
   rows: 4
   cols: 4
   dt: d
   data: [ -9.9462916330347939e-01, 1.0326743784770143e-01,
       6.9759434194572893e-03, -2.3644554156761876e-02,
       -3.0575693849086154e-03, 3.8053722242097757e-02,
       -9.9927101703840948e-01, 7.8353047934921249e-01,
       -1.0345761825828388e-01, -9.9392542502136050e-01,
       -3.7533594557819697e-02, -3.6738399863657956e-01, 0., 0., 0., 1. ]
originimg3: !!opencv-matrix
   rows: 4
   cols: 4
   dt: d
   data: [ -1.4099643150964647e-01, -3.3750670877826641e-02,
       9.8943463579806146e-01, 3.7729151142802014e-01,
       -9.8996831836545984e-01, 1.3988857899332276e-02,
       -1.4059530748690105e-01, -2.2850392127927541e-02,
       -9.0958745708994270e-03, -9.9933237917620243e-01,
       -3.5384473937329498e-02, 7.6674420000000021e-01, 0., 0., 0., 1. ]
img3origin: !!opencv-matrix
   rows: 4
   cols: 4
   dt: d
   data: [ -1.4099643150964644e-01, -9.8996831836545951e-01,
       -9.0958745708994270e-03, 3.7549801552520697e-02,
       -3.3750670877826620e-02, 1.3988857899332265e-02,
       -9.9933237917620210e-01, 7.7928579812118048e-01,
       9.8943463579806123e-01, -1.4059530748690102e-01,
       -3.5384473937329498e-02, -3.4938710694540681e-01, 0., 0., 0., 1. ]
