%YAML:1.0
---
lrf_rot: 1.4815362657531659e+00
lrf_tvec: !!opencv-matrix
   rows: 2
   cols: 1
   dt: d
   data: [ 4.1103571623524127e-02, 2.2879911663005764e-02 ]
