%YAML:1.0
---
lrf_rot: -1.3880108384603655e-02
lrf_tvec: !!opencv-matrix
   rows: 2
   cols: 1
   dt: d
   data: [ -2.9485847637842899e-02, -5.2802993430565159e-03 ]
