%YAML:1.0
---
robot_scale: 3.2116481573114114e-01
robot_rvec: !!opencv-matrix
   rows: 3
   cols: 1
   dt: d
   data: [ 2.3170882623913280e-01, -1.5204565574094582e+00,
       -6.2099158419108930e-02 ]
robot_tvec: !!opencv-matrix
   rows: 3
   cols: 1
   dt: d
   data: [ -8.3126238254674301e-02, -4.2387860822576029e-01,
       -8.8262215168904756e-02 ]
