%YAML:1.0
---
robot_scale: 8.6223094048224092e-01
robot_rvec: !!opencv-matrix
   rows: 3
   cols: 1
   dt: d
   data: [ 3.0524745770910475e+00, -1.3966386999810831e-01,
       -3.4835941161133276e-02 ]
robot_tvec: !!opencv-matrix
   rows: 3
   cols: 1
   dt: d
   data: [ -4.8911961706053107e-03, -2.8729739788946832e-02,
       2.4048917652869539e-02 ]
